{"version":0.6,"uid":"@TREE-64458c-9ff-19bad80-2","object_class":"Scene","external_repository":null,"extra":{"editor":{"selected_node":"@NODE-1dec0a-19daae-1999534-111"},"viewport_layout":{"mode":1,"viewports":[{"name":"perspective","viewport":[0,0,1,1],"render_settings":null,"editor_camera":{"object_class":"Camera","uid":"@CAM64458c-121d-1b563b7-9","layers":255,"enabled":true,"type":1,"eye":[32.637,190.658,453.596],"center":[0, 54,-16.879],"up":[0,1,0],"near":0.1,"far":10000,"fov":45,"aspect":1,"orthographic":[-1,1,-1,1],"background_color":[0.03999999910593033,0.032478634268045425,0.028717948123812675,1],"frustum_size":50,"viewport":[0,0,1,1],"render_to_texture":false,"frame":null,"show_frame":true,"clear_color":true,"clear_depth":true},"scene_camera":null}]},"folder":"evalls/demos/VirtualClerk","filename":"VirtualClerk.scene.json","fullpath":"evalls/demos/VirtualClerk/VirtualClerk.scene.json","data_folder":"evalls/demos/VirtualClerk"},"root":{"object_class":"SceneNode","name":"root","uid":"@NODE-64458c-124c-136aa9e-a","layers":3,"flags":{"visible":true,"is_static":false,"selectable":true,"locked":false,"two_sided":false,"flip_normals":false,"cast_shadows":true,"receive_shadows":true,"ignore_lights":false,"depth_test":true,"depth_write":true,"alpha_test":false,"alpha_shadows":false},"extra":{},"children":[{"object_class":"SceneNode","name":"node_8612","uid":"@NODE-64458c-a560-1c1f18a-16","layers":3,"flags":{"visible":true,"is_static":false,"selectable":true,"locked":false},"children":[{"object_class":"SceneNode","name":"Woman","uid":"@NODE-e5e597-16f36fd-17b3172-d95","layers":3,"flags":{"visible":true,"is_static":false,"selectable":true,"locked":false},"children":[{"object_class":"SceneNode","name":"Armature","uid":"@NODE-e5e597-16f36fe-13f709b-d98","layers":3,"node_type":"NODE","flags":{"visible":true,"is_static":false,"selectable":true,"locked":false},"children":[{"object_class":"SceneNode","name":"mixamorig_Hips","uid":"@NODE-e5e597-16f36ff-11a48f3-d9a","layers":3,"node_type":"JOINT","flags":{"visible":true,"is_static":false,"selectable":true,"locked":false},"children":[{"object_class":"SceneNode","name":"mixamorig_Spine","uid":"@NODE-e5e597-16f3701-18a0b9a-d9c","layers":3,"node_type":"JOINT","flags":{"visible":true,"is_static":false,"selectable":true,"locked":false},"children":[{"object_class":"SceneNode","name":"mixamorig_Spine1","uid":"@NODE-e5e597-16f3703-16c3fa2-d9e","layers":3,"node_type":"JOINT","flags":{"visible":true,"is_static":false,"selectable":true,"locked":false},"children":[{"object_class":"SceneNode","name":"mixamorig_Spine2","uid":"@NODE-e5e597-16f3704-180e2cc-da0","layers":3,"node_type":"JOINT","flags":{"visible":true,"is_static":false,"selectable":true,"locked":false},"children":[{"object_class":"SceneNode","name":"mixamorig_Neck","uid":"@NODE-e5e597-16f3705-1afe0d4-da2","layers":3,"node_type":"JOINT","flags":{"visible":true,"is_static":false,"selectable":true,"locked":false},"children":[{"object_class":"SceneNode","name":"mixamorig_Head","uid":"@NODE-e5e597-16f3707-18d0c7d-da4","layers":3,"node_type":"JOINT","flags":{"visible":true,"is_static":false,"selectable":true,"locked":true},"children":[{"object_class":"SceneNode","name":"mixamorig_RightEye","uid":"@NODE-e5e597-16f3708-196927b-da6","layers":3,"node_type":"JOINT","flags":{"visible":true,"is_static":false,"selectable":true,"locked":false},"editor":{"collapsed":true},"components":[["Transform",{"object_class":"Transform","uid":"@COMP-e5e597-16f3708-168419e-da7","position":[-2.7468719482421875,6.569950580596924,8.772876739501953],"rotation":[-0.010408014990389347,-0.004039012361317873,0.000042040719563374296,-0.9999376535415649],"scaling":[1,1,1],"matrix":[0.9999673962593079,5.4591296760886365e-12,-0.008078396320343018,0,0.00016815240087453276,0.9997833371162415,0.02081439271569252,0,0.008076646365225315,-0.02081507258117199,0.9997507333755493,0,-2.7468719482421875,6.569950580596924,8.772876739501953,1]}],["Target",{"enabled":true,"node_id":"lookAtEyes","face_camera":false,"cylindrical":false,"front":5,"up":3,"roll":0,"use_iterative_method":false,"uid":"@COMP-e5e597-22a97-1a4841e-51b","object_class":"Target"}]]},{"object_class":"SceneNode","name":"mixamorig_LeftEye","uid":"@NODE-e5e597-16f370a-1a1b75c-da8","layers":3,"node_type":"JOINT","flags":{"visible":true,"is_static":false,"selectable":true,"locked":false},"editor":{"collapsed":true},"components":[["Transform",{"object_class":"Transform","uid":"@COMP-e5e597-16f370a-159508c-da9","position":[3.0554800033569336,6.613795280456543,8.914241790771484],"rotation":[-0.010646489448845387,0.0013875409495085478,-0.000014773290786251891,-0.9999423623085022],"scaling":[1,1,1],"matrix":[0.9999961256980896,-1.5818170341283522e-12,0.0027752364985644817,0,-0.00005908975799684413,0.9997733235359192,0.021291710436344147,0,-0.002774607390165329,-0.021291792392730713,0.9997694492340088,0,3.0554800033569336,6.613795280456543,8.914241790771484,1]}],["Target",{"enabled":true,"node_id":"lookAtEyes","face_camera":false,"cylindrical":false,"front":5,"up":3,"roll":0,"use_iterative_method":false,"uid":"@COMP-e5e597-27127-1f6b76f-51c","object_class":"Target"}]]},{"object_class":"SceneNode","name":"mixamorig_HeadTop_End","uid":"@NODE-e5e597-16f370b-1771c95-daa","layers":3,"node_type":"JOINT","flags":{"visible":true,"is_static":false,"selectable":true,"locked":false},"editor":{"collapsed":true},"components":[["Transform",{"object_class":"Transform","uid":"@COMP-e5e597-16f370b-16991fb-dab","position":[0.15825699269771576,16.422229766845703,3.0106050968170166],"rotation":[0,0,0,1],"scaling":[1,1,1],"matrix":[1,0,0,0,0,1,0,0,0,0,1,0,0.15825699269771576,16.422229766845703,3.0106050968170166,1]}]]}],"editor":{"collapsed":false},"components":[["Transform",{"object_class":"Transform","uid":"@COMP-e5e597-16f3707-1e1f54c-da5","position":[0,9.630800247192383,2.647200107574463],"rotation":[-0.00392486248165369,-0.0016236508963629603,0.0000063726638472871855,-0.9999909996986389],"scaling":[1.0499999523162842,1.0499999523162842,1.0499999523162842],"matrix":[1.0499944686889648,-1.040281057774822e-14,-0.0034096885938197374,0,0.000026764946596813388,1.049967646598816,0.008242115378379822,0,0.0034095835871994495,-0.008242158219218254,1.049962043762207,0,0,9.630800247192383,2.647200107574463,1]}],["Target",{"enabled":true,"node_id":"lookAtHead","face_camera":false,"cylindrical":false,"front":5,"up":3,"roll":0,"use_iterative_method":false,"uid":"@COMP--4e236c-4c244f-117b99b-1514","object_class":"Target","editor":{"collapsed":false}}]]}],"editor":{"collapsed":false},"components":[["Transform",{"object_class":"Transform","uid":"@COMP-e5e597-16f3705-11d4022-da3","position":[-0.2393999993801117,17.719100952148438,-1.5063999891281128],"rotation":[0.004615486599504948,-0.001401599496603012,-0.0000064691389525251,-0.9999883770942688],"scaling":[0.9999997615814209,1.000000238418579,1.000000238418579],"matrix":[0.9999958276748657,1.3577759251127974e-13,-0.0028032255358994007,0,-0.000025876261133817025,0.9999576210975647,-0.009230849333107471,0,0.002803107490763068,0.009230885654687881,0.9999536871910095,0,-0.2393999993801117,17.719100952148438,-1.5063999891281128,1]}],["Target",{"enabled":true,"node_id":"lookAtTorso","face_camera":false,"cylindrical":false,"front":5,"up":3,"roll":0,"use_iterative_method":false,"uid":"@COMP--4e236c-4ce198-1d50c85-1516","object_class":"Target","editor":{"collapsed":false}}]]},{"object_class":"SceneNode","name":"mixamorig_LeftShoulder","uid":"@NODE-e5e597-16f370c-122c1b9-dac","layers":3,"node_type":"JOINT","flags":{"visible":true,"is_static":false,"selectable":true,"locked":false},"children":[{"object_class":"SceneNode","name":"mixamorig_LeftArm","uid":"@NODE-e5e597-16f370f-11c75d5-dae","layers":3,"node_type":"JOINT","flags":{"visible":true,"is_static":false,"selectable":true,"locked":false},"children":[{"object_class":"SceneNode","name":"mixamorig_LeftForeArm","uid":"@NODE-e5e597-16f3710-11dd62b-db0","layers":3,"node_type":"JOINT","flags":{"visible":true,"is_static":false,"selectable":true,"locked":false},"children":[{"object_class":"SceneNode","name":"mixamorig_LeftHand","uid":"@NODE-e5e597-16f3711-1e39680-db2","layers":3,"node_type":"JOINT","flags":{"visible":true,"is_static":false,"selectable":true,"locked":false},"children":[{"object_class":"SceneNode","name":"mixamorig_LeftHandThumb1","uid":"@NODE-e5e597-16f3713-1d5b99b-db4","layers":3,"node_type":"JOINT","flags":{"visible":true,"is_static":false,"selectable":true,"locked":false},"children":[{"object_class":"SceneNode","name":"mixamorig_LeftHandThumb2","uid":"@NODE-e5e597-16f3714-12c5239-db6","layers":3,"node_type":"JOINT","flags":{"visible":true,"is_static":false,"selectable":true,"locked":false},"children":[{"object_class":"SceneNode","name":"mixamorig_LeftHandThumb3","uid":"@NODE-e5e597-16f3716-1a92a40-db8","layers":3,"node_type":"JOINT","flags":{"visible":true,"is_static":false,"selectable":true,"locked":false},"children":[{"object_class":"SceneNode","name":"mixamorig_LeftHandThumb4","uid":"@NODE-e5e597-16f3717-1700b5a-dba","layers":3,"node_type":"JOINT","flags":{"visible":true,"is_static":false,"selectable":true,"locked":false},"editor":{"collapsed":true},"components":[["Transform",{"object_class":"Transform","uid":"@COMP-e5e597-16f3717-1686c21-dbb","position":[-0.39568328857421875,-1.02777099609375,2.1324269771575928],"rotation":[0,-7.4505748237641e-9,0,1],"scaling":[0.9999998807907104,1,1],"matrix":[0.9999998807907104,0,1.490114787117136e-8,0,0,1,0,0,-1.49011496475282e-8,0,1,0,-0.39568328857421875,-1.02777099609375,2.1324269771575928,1]}]]}],"editor":{"collapsed":true},"components":[["Transform",{"object_class":"Transform","uid":"@COMP-e5e597-16f3716-1ebd9bc-db9","position":[0.44749999046325684,3.1119000911712646,0],"rotation":[-0.0033484690356999636,0.04594309628009796,-0.33487212657928467,0.94113689661026],"scaling":[1.0000003576278687,0.9999998211860657,0.9999999403953552],"matrix":[0.7715000510215759,-0.6306289434432983,-0.08423490077257156,0,0.6300132274627686,0.7756987810134888,-0.03707285225391388,0,0.08872009813785553,-0.024467388167977333,0.9957559704780579,0,0.44749999046325684,3.1119000911712646,0,1]}]]}],"editor":{"collapsed":true},"components":[["Transform",{"object_class":"Transform","uid":"@COMP-e5e597-16f3714-1a111a2-db7","position":[-0.003100000089034438,4.080100059509277,0],"rotation":[0.01904461719095707,0.040059644728899,-0.07599855959415436,0.9961208701133728],"scaling":[1.0000001192092896,0.9999999403953552,0.9999999403953552],"matrix":[0.9852390289306641,-0.14988167583942413,-0.08270323276519775,0,0.15293332934379578,0.9877229928970337,0.03185252845287323,0,0.0769137591123581,-0.04403042793273926,0.9960650205612183,0,-0.003100000089034438,4.080100059509277,0,1]}]]}],"editor":{"collapsed":true},"components":[["Transform",{"object_class":"Transform","uid":"@COMP-e5e597-16f3713-137ca8e-db5","position":[-3.151900053024292,2.2344000339508057,1.6031999588012695],"rotation":[0.13634948432445526,0.22986339032649994,0.21350239217281342,0.9396746158599854],"scaling":[1,0.9999997019767761,0.9999997615814209],"matrix":[0.8031591176986694,0.46392905712127686,-0.37377169728279114,0,-0.3385619521141052,0.8716508746147156,0.3544009327888489,0,0.49021536111831665,-0.15809549391269684,0.8571431040763855,0,-3.151900053024292,2.2344000339508057,1.6031999588012695,1]}]]},{"object_class":"SceneNode","name":"mixamorig_LeftHandIndex1","uid":"@NODE-e5e597-16f3719-1b7e547-dbc","layers":3,"node_type":"JOINT","flags":{"visible":true,"is_static":false,"selectable":true,"locked":false},"children":[{"object_class":"SceneNode","name":"mixamorig_LeftHandIndex2","uid":"@NODE-e5e597-16f371a-1b682f8-dbe","layers":3,"node_type":"JOINT","flags":{"visible":true,"is_static":false,"selectable":true,"locked":false},"children":[{"object_class":"SceneNode","name":"mixamorig_LeftHandIndex3","uid":"@NODE-e5e597-16f371b-1c0fba2-dc0","layers":3,"node_type":"JOINT","flags":{"visible":true,"is_static":false,"selectable":true,"locked":false},"children":[{"object_class":"SceneNode","name":"mixamorig_LeftHandIndex4","uid":"@NODE-e5e597-16f371d-17df4a7-dc2","layers":3,"node_type":"JOINT","flags":{"visible":true,"is_static":false,"selectable":true,"locked":false},"editor":{"collapsed":true},"components":[["Transform",{"object_class":"Transform","uid":"@COMP-e5e597-16f371d-198f2b9-dc3","position":[0.17142049968242645,0.0292816199362278,2.6174089908599854],"rotation":[0,-1.862645149230957e-9,0,1],"scaling":[1,1,0.9999998807907104],"matrix":[1,0,3.725290298461914e-9,0,0,1,0,0,-3.7252898543727042e-9,0,0.9999998807907104,0,0.17142049968242645,0.0292816199362278,2.6174089908599854,1]}]]}],"editor":{"collapsed":true},"components":[["Transform",{"object_class":"Transform","uid":"@COMP-e5e597-16f371b-1189d28-dc1","position":[-0.16410000622272491,2.55049991607666,0],"rotation":[0.11805003136396408,0.000038318714359775186,0.05072469264268875,0.9917112588882446],"scaling":[1,0.9999996423721313,0.9999995827674866],"matrix":[0.9948540329933167,0.10061754286289215,0.011900100857019424,0,-0.10059941560029984,0.9669820070266724,0.23414689302444458,0,0.012052101083099842,-0.2341390997171402,0.9721279740333557,0,-0.16410000622272491,2.55049991607666,0,1]}]]}],"editor":{"collapsed":true},"components":[["Transform",{"object_class":"Transform","uid":"@COMP-e5e597-16f371a-127d01a-dbf","position":[0.010700000450015068,3.7692999839782715,0],"rotation":[0.2197813093662262,0.004365023225545883,-0.0616285614669323,0.9735907912254333],"scaling":[1.000000238418579,1.0000003576278687,1.000000238418579],"matrix":[0.9923659563064575,-0.11808332800865173,-0.03558911383152008,0,0.12192074209451675,0.8957964777946472,0.42741623520851135,0,-0.01859012246131897,-0.4284922182559967,0.9033544659614563,0,0.010700000450015068,3.7692999839782715,0,1]}]]}],"editor":{"collapsed":true},"components":[["Transform",{"object_class":"Transform","uid":"@COMP-e5e597-16f3719-14dbbcd-dbd","position":[-3.1352999210357666,8.769599914550781,0.28790000081062317],"rotation":[0.05361304059624672,0.0009389532497152686,0.02224537543952465,0.9983135461807251],"scaling":[1.0000004768371582,1.0000003576278687,1.0000004768371582],"matrix":[0.9990090131759644,0.044516421854496,0.0005105451564304531,0,-0.04431505501270294,0.9932619333267212,0.10708706080913544,0,0.004260025918483734,-0.10700352489948273,0.9942499995231628,0,-3.1352999210357666,8.769599914550781,0.28790000081062317,1]}]]},{"object_class":"SceneNode","name":"mixamorig_LeftHandMiddle1","uid":"@NODE-e5e597-16f371e-1367b82-dc4","layers":3,"node_type":"JOINT","flags":{"visible":true,"is_static":false,"selectable":true,"locked":false},"children":[{"object_class":"SceneNode","name":"mixamorig_LeftHandMiddle2","uid":"@NODE-e5e597-16f3720-1ea7a49-dc6","layers":3,"node_type":"JOINT","flags":{"visible":true,"is_static":false,"selectable":true,"locked":false},"children":[{"object_class":"SceneNode","name":"mixamorig_LeftHandMiddle3","uid":"@NODE-e5e597-16f3721-1ec85f2-dc8","layers":3,"node_type":"JOINT","flags":{"visible":true,"is_static":false,"selectable":true,"locked":false},"children":[{"object_class":"SceneNode","name":"mixamorig_LeftHandMiddle4","uid":"@NODE-e5e597-16f3723-184cfe5-dca","layers":3,"node_type":"JOINT","flags":{"visible":true,"is_static":false,"selectable":true,"locked":false},"editor":{"collapsed":true},"components":[["Transform",{"object_class":"Transform","uid":"@COMP-e5e597-16f3723-18c4456-dcb","position":[-0.16827790439128876,0.3115997016429901,2.5386509895324707],"rotation":[3.154350025624808e-8,-2.328307824317477e-10,3.513075247374431e-11,1],"scaling":[0.9999998807907104,1,1],"matrix":[0.9999998807907104,7.02614841308069e-11,4.656615093523442e-10,0,-7.026151882527643e-11,1,6.308700051249616e-8,0,-4.656615648634954e-10,-6.308700051249616e-8,1,0,-0.16827790439128876,0.3115997016429901,2.5386509895324707,1]}]]}],"editor":{"collapsed":true},"components":[["Transform",{"object_class":"Transform","uid":"@COMP-e5e597-16f3721-13c6231-dc9","position":[0.15620000660419464,3.2651000022888184,0],"rotation":[0.12657247483730316,0.002709729364141822,-0.07432377338409424,0.9891653060913086],"scaling":[0.9999997615814209,1.0000003576278687,0.9999998807907104],"matrix":[0.9889370203018188,-0.14635100960731506,-0.02417542226612568,0,0.1477230042219162,0.9569111466407776,0.2499994933605194,0,-0.013453945517539978,-0.25080496072769165,0.9679440259933472,0,0.15620000660419464,3.2651000022888184,0,1]}]]}],"editor":{"collapsed":true},"components":[["Transform",{"object_class":"Transform","uid":"@COMP-e5e597-16f3720-1b04aa8-dc7","position":[0.02930000051856041,3.391900062561035,0],"rotation":[0.2294011265039444,-0.008052744902670383,-0.010730915702879429,0.9732394814491272],"scaling":[1,0.9999998807907104,1.0000003576278687],"matrix":[0.9996399879455566,-0.024582119658589363,0.010751130059361458,0,0.017192881554365158,0.8945198059082031,0.4466972351074219,0,-0.020597875118255615,-0.4463517963886261,0.8946208357810974,0,0.02930000051856041,3.391900062561035,0,1]}]]}],"editor":{"collapsed":true},"components":[["Transform",{"object_class":"Transform","uid":"@COMP-e5e597-16f371e-12e55d3-dc5","position":[-0.8278999924659729,9.105500221252441,-0.22630000114440918],"rotation":[0.10757585614919662,0.0037961280904710293,-0.026295185089111328,0.993841826915741],"scaling":[0.9999997615814209,0.9999999403953552,1],"matrix":[0.9985880851745605,-0.05144975334405899,-0.013202953152358532,0,0.05308324843645096,0.9754719138145447,0.21362711489200592,0,0.0018880476709455252,-0.21402640640735626,0.9768260717391968,0,-0.8278999924659729,9.105500221252441,-0.22630000114440918,1]}]]},{"object_class":"SceneNode","name":"mixamorig_LeftHandRing1","uid":"@NODE-e5e597-16f3724-1e7c42d-dcc","layers":3,"node_type":"JOINT","flags":{"visible":true,"is_static":false,"selectable":true,"locked":false},"children":[{"object_class":"SceneNode","name":"mixamorig_LeftHandRing2","uid":"@NODE-e5e597-16f3726-18fff13-dce","layers":3,"node_type":"JOINT","flags":{"visible":true,"is_static":false,"selectable":true,"locked":false},"children":[{"object_class":"SceneNode","name":"mixamorig_LeftHandRing3","uid":"@NODE-e5e597-16f3727-1c2cc04-dd0","layers":3,"node_type":"JOINT","flags":{"visible":true,"is_static":false,"selectable":true,"locked":false},"children":[{"object_class":"SceneNode","name":"mixamorig_LeftHandRing4","uid":"@NODE-e5e597-16f3729-1fa6171-dd2","layers":3,"node_type":"JOINT","flags":{"visible":true,"is_static":false,"selectable":true,"locked":false},"editor":{"collapsed":true},"components":[["Transform",{"object_class":"Transform","uid":"@COMP-e5e597-16f3729-179bc41-dd3","position":[-0.030774710699915886,-0.086090087890625,2.5145339965820312],"rotation":[3.1641253173120276e-8,0,-1.4156424643640975e-10,1],"scaling":[1,1,0.9999998807907104],"matrix":[1,-2.831284928728195e-10,-8.958540569058538e-18,0,2.831284928728195e-10,1,6.328250634624055e-8,0,-8.958539741877926e-18,-6.32824992408132e-8,0.9999998807907104,0,-0.030774710699915886,-0.086090087890625,2.5145339965820312,1]}]]}],"editor":{"collapsed":true},"components":[["Transform",{"object_class":"Transform","uid":"@COMP-e5e597-16f3727-14757cb-dd1","position":[-0.08659999817609787,2.975600004196167,0],"rotation":[0.16961100697517395,0.0057756355963647366,-0.011033985763788223,0.9854323863983154],"scaling":[1.000000238418579,1.000000238418579,1],"matrix":[0.9996899962425232,-0.019787276163697243,-0.015125971287488937,0,0.023705722764134407,0.94222092628479,0.3341529965400696,0,0.007640026044100523,-0.3344078063964844,0.9423974752426147,0,-0.08659999817609787,2.975600004196167,0,1]}]]}],"editor":{"collapsed":true},"components":[["Transform",{"object_class":"Transform","uid":"@COMP-e5e597-16f3726-18ec709-dcf","position":[0.13259999454021454,2.7636001110076904,0],"rotation":[0.1978411078453064,-0.00020505931752268225,-0.059893034398555756,0.9784026145935059],"scaling":[1.0000003576278687,0.9999995231628418,1.000000238418579],"matrix":[0.9928259253501892,-0.11728018522262573,-0.023297354578971863,0,0.11711781471967697,0.9145430326461792,0.38716089725494385,0,-0.02409987524151802,-0.3871120512485504,0.9217179417610168,0,0.13259999454021454,2.7636001110076904,0,1]}]]}],"editor":{"collapsed":true},"components":[["Transform",{"object_class":"Transform","uid":"@COMP-e5e597-16f3724-1cf1473-dcd","position":[1.042099952697754,8.6072998046875,-0.25690001249313354],"rotation":[0.16033729910850525,0.006148854736238718,-0.03772526606917381,0.9863219261169434],"scaling":[1,1.0000003576278687,0.9999996423721313],"matrix":[0.997078001499176,-0.07244673371315002,-0.02422703430056572,0,0.0763903260231018,0.9457378387451172,0.31582456827163696,0,0.00003196594479959458,-0.31675219535827637,0.9485079050064087,0,1.042099952697754,8.6072998046875,-0.25690001249313354,1]}]]},{"object_class":"SceneNode","name":"mixamorig_LeftHandPinky1","uid":"@NODE-e5e597-16f372b-1c84558-dd4","layers":3,"node_type":"JOINT","flags":{"visible":true,"is_static":false,"selectable":true,"locked":false},"children":[{"object_class":"SceneNode","name":"mixamorig_LeftHandPinky2","uid":"@NODE-e5e597-16f372c-1869f09-dd6","layers":3,"node_type":"JOINT","flags":{"visible":true,"is_static":false,"selectable":true,"locked":false},"children":[{"object_class":"SceneNode","name":"mixamorig_LeftHandPinky3","uid":"@NODE-e5e597-16f372e-1df37a2-dd8","layers":3,"node_type":"JOINT","flags":{"visible":true,"is_static":false,"selectable":true,"locked":false},"children":[{"object_class":"SceneNode","name":"mixamorig_LeftHandPinky4","uid":"@NODE-e5e597-16f372f-13f0929-dda","layers":3,"node_type":"JOINT","flags":{"visible":true,"is_static":false,"selectable":true,"locked":false},"editor":{"collapsed":true},"components":[["Transform",{"object_class":"Transform","uid":"@COMP-e5e597-16f372f-1f6b1db-ddb","position":[-0.027014199644327164,0.18774409592151642,1.913437008857727],"rotation":[0,2.7939679458910405e-9,0,1],"scaling":[0.9999998807907104,1,1],"matrix":[0.9999998807907104,0,-5.587935003603661e-9,0,0,1,0,0,5.587935891782081e-9,0,1,0,-0.027014199644327164,0.18774409592151642,1.913437008857727,1]}]]}],"editor":{"collapsed":true},"components":[["Transform",{"object_class":"Transform","uid":"@COMP-e5e597-16f372e-1eccbcf-dd9","position":[-0.041600000113248825,1.9744999408721924,0],"rotation":[0.1436835378408432,0.0034058240707963705,-0.020386429503560066,0.9894078373908997],"scaling":[1.0000003576278687,1,1.0000001192092896],"matrix":[0.9991459250450134,-0.03936227783560753,-0.012597891502082348,0,0.04131970927119255,0.9578788876533508,0.28418436646461487,0,0.0008811095613054931,-0.2844621241092682,0.9586870074272156,0,-0.041600000113248825,1.9744999408721924,0,1]}]]}],"editor":{"collapsed":true},"components":[["Transform",{"object_class":"Transform","uid":"@COMP-e5e597-16f372c-16a72ba-dd7","position":[0.07880000025033951,2.8958001136779785,0],"rotation":[0.19760479032993317,-0.0019825685303658247,-0.041273802518844604,0.9794104695320129],"scaling":[0.9999998807907104,0.9999994039535522,1.000000238418579],"matrix":[0.996584951877594,-0.08163151144981384,-0.012428303249180317,0,0.08006441593170166,0.9184970855712891,0.3872358202934265,0,-0.020195305347442627,-0.3869088292121887,0.9218970537185669,0,0.07880000025033951,2.8958001136779785,0,1]}]]}],"editor":{"collapsed":true},"components":[["Transform",{"object_class":"Transform","uid":"@COMP-e5e597-16f372b-1fb52eb-dd5","position":[2.921099901199341,8.093199729919434,0.33649998903274536],"rotation":[0.15310785174369812,-0.007202972192317247,-0.06746096163988113,0.9858778715133667],"scaling":[0.9999997019767761,1,0.9999996423721313],"matrix":[0.9907940030097961,-0.1352221518754959,-0.006455102004110813,0,0.13081087172031403,0.9440140128135681,0.30286312103271484,0,-0.034860096871852875,-0.3009193241596222,0.9530118703842163,0,2.921099901199341,8.093199729919434,0.33649998903274536,1]}]]}],"editor":{"collapsed":true},"components":[["Transform",{"object_class":"Transform","uid":"@COMP-e5e597-16f3711-1d47369-db3","position":[0,26.094499588012695,0],"rotation":[0.09683835506439209,-0.08251898735761642,-0.02265217714011669,0.9916147589683533],"scaling":[0.8500000238418579,0.8500000238418579,0.8500000238418579],"matrix":[0.8375517725944519,-0.05177050456404686,0.13537685573101044,0,0.02460109256207943,0.8331856727600098,0.16642248630523682,0,-0.1428350955247879,-0.16006708145141602,0.8224820494651794,0,0,26.094499588012695,0,1]}]]}],"editor":{"collapsed":false},"components":[["Transform",{"object_class":"Transform","uid":"@COMP-e5e597-16f3710-167c1fd-db1","position":[4.044859451823868e-7,26.106380462646484,-0.0003040270530618727],"rotation":[0.06094939261674881,0.05178089439868927,0.09439288824796677,0.9923174977302551],"scaling":[0.9999998807907104,0.9999989867210388,1.000000238418579],"matrix":[0.9768173098564148,0.19364742934703827,-0.09125979244709015,0,-0.1810232251882553,0.9747492671012878,0.13073766231536865,0,0.1142725870013237,-0.11118683218955994,0.9872080683708191,0,4.044859451823868e-7,26.106380462646484,-0.0003040270530618727,1]}]]}],"editor":{"collapsed":false},"components":[["Transform",{"object_class":"Transform","uid":"@COMP-e5e597-16f370f-14ba78b-daf","position":[2.3568757967495912e-7,9.815900802612305,0.000005410429366747849],"rotation":[0.572576642036438,0.0004615014768205583,0.07762417197227478,0.8161681294441223],"scaling":[0.9999983310699463,0.9999991655349731,1.0000003576278687],"matrix":[0.9879468679428101,0.12723703682422638,0.08813810348510742,0,-0.12618015706539154,0.33226069808006287,0.9347084760665894,0,0.08964493125677109,-0.9345663189888,0.3443116843700409,0,2.3568757967495912e-7,9.815900802612305,0.000005410429366747849,1]}]]}],"editor":{"collapsed":false},"components":[["Transform",{"object_class":"Transform","uid":"@COMP-e5e597-16f370c-16506fd-dad","position":[4.150199890136719,12.027400016784668,-1.5881999731063843],"rotation":[-0.4816158711910248,-0.4969354271888733,0.5697817802429199,-0.4432268738746643],"scaling":[0.9999998211860657,0.9999997615814209,1.0000001192092896],"matrix":[-0.14319215714931488,-0.026421211659908295,-0.9893419742584229,0,0.9837489128112793,-0.11321021616458893,-0.1393592804670334,0,-0.10832163691520691,-0.993219792842865,0.0422026701271534,0,4.150199890136719,12.027400016784668,-1.5881999731063843,1]}]]},{"object_class":"SceneNode","name":"mixamorig_RightShoulder","uid":"@NODE-e5e597-16f3731-195614c-ddc","layers":3,"node_type":"JOINT","flags":{"visible":true,"is_static":false,"selectable":true,"locked":false},"children":[{"object_class":"SceneNode","name":"mixamorig_RightArm","uid":"@NODE-e5e597-16f376f-130a2c9-dde","layers":3,"node_type":"JOINT","flags":{"visible":true,"is_static":false,"selectable":true,"locked":false},"children":[{"object_class":"SceneNode","name":"mixamorig_RightForeArm","uid":"@NODE-e5e597-16f3771-1badbcb-de0","layers":3,"node_type":"JOINT","flags":{"visible":true,"is_static":false,"selectable":true,"locked":false},"children":[{"object_class":"SceneNode","name":"mixamorig_RightHand","uid":"@NODE-e5e597-16f3773-1392c4b-de2","layers":3,"node_type":"JOINT","flags":{"visible":true,"is_static":false,"selectable":true,"locked":false},"children":[{"object_class":"SceneNode","name":"mixamorig_RightHandPinky1","uid":"@NODE-e5e597-16f3774-14e5071-de4","layers":3,"node_type":"JOINT","flags":{"visible":true,"is_static":false,"selectable":true,"locked":false},"children":[{"object_class":"SceneNode","name":"mixamorig_RightHandPinky2","uid":"@NODE-e5e597-16f3776-16c8fba-de6","layers":3,"node_type":"JOINT","flags":{"visible":true,"is_static":false,"selectable":true,"locked":false},"children":[{"object_class":"SceneNode","name":"mixamorig_RightHandPinky3","uid":"@NODE-e5e597-16f3778-1ac5ec8-de8","layers":3,"node_type":"JOINT","flags":{"visible":true,"is_static":false,"selectable":true,"locked":false},"children":[{"object_class":"SceneNode","name":"mixamorig_RightHandPinky4","uid":"@NODE-e5e597-16f377a-1c3f7ff-dea","layers":3,"node_type":"JOINT","flags":{"visible":true,"is_static":false,"selectable":true,"locked":false},"editor":{"collapsed":true},"components":[["Transform",{"object_class":"Transform","uid":"@COMP-e5e597-16f377a-16595ac-deb","position":[0.034473199397325516,0.0455322302877903,1.9026110172271729],"rotation":[-3.146750060523118e-8,0,-3.836074860541494e-11,1],"scaling":[1,1,1],"matrix":[1,-7.672149721082988e-11,2.414233737625337e-18,0,7.672149721082988e-11,1,-6.293500121046236e-8,0,2.414233737625337e-18,6.293500121046236e-8,1,0,0.034473199397325516,0.0455322302877903,1.9026110172271729,1]}]]}],"editor":{"collapsed":true},"components":[["Transform",{"object_class":"Transform","uid":"@COMP-e5e597-16f3778-1e12bcd-de9","position":[0.04830000177025795,1.6585999727249146,0],"rotation":[0.16805492341518402,0.0017045744461938739,-0.009539632126688957,0.985729992389679],"scaling":[0.9999998211860657,0.9999999403953552,0.9999997019767761],"matrix":[0.9998120069503784,-0.018234074115753174,-0.006566863041371107,0,0.01937992498278618,0.9433330297470093,0.33128100633621216,0,0.00015413598157465458,-0.33134597539901733,0.9435089826583862,0,0.04830000177025795,1.6585999727249146,0,1]}]]}],"editor":{"collapsed":true},"components":[["Transform",{"object_class":"Transform","uid":"@COMP-e5e597-16f3776-158fe4a-de7","position":[-0.07599999755620956,3.355299949645996,0],"rotation":[0.19941626489162445,0.0008547254255972803,0.04306014999747276,0.9789679646492004],"scaling":[0.9999998211860657,1.0000001192092896,1.0000001192092896],"matrix":[0.9962900280952454,0.08464989066123962,0.01550028845667839,0,-0.0839681327342987,0.9167580604553223,0.3905179500579834,0,0.018847288563847542,-0.3903707265853882,0.9204649925231934,0,-0.07599999755620956,3.355299949645996,0,1]}]]}],"editor":{"collapsed":true},"components":[["Transform",{"object_class":"Transform","uid":"@COMP-e5e597-16f3774-11b888b-de5","position":[-2.8949999809265137,8.241299629211426,0.3255999982357025],"rotation":[0.15473604202270508,0.0012140077305957675,0.028393831104040146,0.987546980381012],"scaling":[1.0000003576278687,0.9999998807907104,1.0000001192092896],"matrix":[0.9983850121498108,0.05645620450377464,0.00638932129368186,0,-0.05570477619767189,0.9505009651184082,0.3056871294975281,0,0.011184878647327423,-0.3055493235588074,0.9521107077598572,0,-2.8949999809265137,8.241299629211426,0.3255999982357025,1]}]]},{"object_class":"SceneNode","name":"mixamorig_RightHandRing1","uid":"@NODE-e5e597-16f377b-12096aa-dec","layers":3,"node_type":"JOINT","flags":{"visible":true,"is_static":false,"selectable":true,"locked":false},"children":[{"object_class":"SceneNode","name":"mixamorig_RightHandRing2","uid":"@NODE-e5e597-16f377d-1e171c2-dee","layers":3,"node_type":"JOINT","flags":{"visible":true,"is_static":false,"selectable":true,"locked":false},"children":[{"object_class":"SceneNode","name":"mixamorig_RightHandRing3","uid":"@NODE-e5e597-16f377f-117aa78-df0","layers":3,"node_type":"JOINT","flags":{"visible":true,"is_static":false,"selectable":true,"locked":false},"children":[{"object_class":"SceneNode","name":"mixamorig_RightHandRing4","uid":"@NODE-e5e597-16f3781-1a22024-df2","layers":3,"node_type":"JOINT","flags":{"visible":true,"is_static":false,"selectable":true,"locked":false},"editor":{"collapsed":true},"components":[["Transform",{"object_class":"Transform","uid":"@COMP-e5e597-16f3781-1c5fe3d-df3","position":[-0.022681949660182,-0.3342896103858948,2.395087957382202],"rotation":[0,-9.31322685637781e-10,0,1],"scaling":[0.9999998807907104,1,0.9999998807907104],"matrix":[0.9999998807907104,0,1.862645149230957e-9,0,0,1,0,0,-1.862645149230957e-9,0,0.9999998807907104,0,-0.022681949660182,-0.3342896103858948,2.395087957382202,1]}]]}],"editor":{"collapsed":true},"components":[["Transform",{"object_class":"Transform","uid":"@COMP-e5e597-16f377f-157a234-df1","position":[0.14890000224113464,2.93530011177063,0],"rotation":[0.09802260249853134,0.0004381683829706162,-0.03740181401371956,0.9944810271263123],"scaling":[1.0000001192092896,0.9999997019767761,1.000000238418579],"matrix":[0.9972019195556641,-0.07430489361286163,-0.00820394791662693,0,0.07447666674852371,0.9779850244522095,0.19493040442466736,0,-0.006460947450250387,-0.19499605894088745,0.9807829856872559,0,0.14890000224113464,2.93530011177063,0,1]}]]}],"editor":{"collapsed":true},"components":[["Transform",{"object_class":"Transform","uid":"@COMP-e5e597-16f377d-1140509-def","position":[-0.12049999833106995,2.6333000659942627,0],"rotation":[0.20474256575107574,-0.0018012074287980795,0.07001101970672607,0.9763071537017822],"scaling":[0.9999996423721313,1.0000001192092896,1],"matrix":[0.9901900887489319,0.13596691191196442,0.032185524702072144,0,-0.13744209706783295,0.906358003616333,0.39953112602233887,0,0.025151407346129417,-0.40003547072410583,0.9161545038223267,0,-0.12049999833106995,2.6333000659942627,0,1]}]]}],"editor":{"collapsed":true},"components":[["Transform",{"object_class":"Transform","uid":"@COMP-e5e597-16f377b-1eb7f77-ded","position":[-1.0285999774932861,8.707599639892578,-0.21649999916553497],"rotation":[0.11474216729402542,0.0011564126471057534,-0.006459160707890987,0.9933736324310303],"scaling":[1.0000001192092896,1,1.0000001192092896],"matrix":[0.9999139904975891,-0.012567343190312386,-0.003779776394367218,0,0.013098098337650299,0.9735850095748901,0.22794875502586365,0,0.0008152236114256084,-0.2279786616563797,0.9736658930778503,0,-1.0285999774932861,8.707599639892578,-0.21649999916553497,1]}]]},{"object_class":"SceneNode","name":"mixamorig_RightHandMiddle1","uid":"@NODE-e5e597-16f3783-1127089-df4","layers":3,"node_type":"JOINT","flags":{"visible":true,"is_static":false,"selectable":true,"locked":false},"children":[{"object_class":"SceneNode","name":"mixamorig_RightHandMiddle2","uid":"@NODE-e5e597-16f3785-1a5f052-df6","layers":3,"node_type":"JOINT","flags":{"visible":true,"is_static":false,"selectable":true,"locked":false},"children":[{"object_class":"SceneNode","name":"mixamorig_RightHandMiddle3","uid":"@NODE-e5e597-16f3786-1fb9cf6-df8","layers":3,"node_type":"JOINT","flags":{"visible":true,"is_static":false,"selectable":true,"locked":false},"children":[{"object_class":"SceneNode","name":"mixamorig_RightHandMiddle4","uid":"@NODE-e5e597-16f3789-1b61916-dfa","layers":3,"node_type":"JOINT","flags":{"visible":true,"is_static":false,"selectable":true,"locked":false},"editor":{"collapsed":true},"components":[["Transform",{"object_class":"Transform","uid":"@COMP-e5e597-16f3789-1352de5-dfb","position":[0.1726963073015213,-0.014373780228197575,2.626189947128296],"rotation":[3.164500128605141e-8,-1.3969849721462424e-9,-1.0305675063326802e-10,1],"scaling":[1,1,1],"matrix":[1,-2.061135845332629e-10,2.793969944292485e-9,0,2.061134179998092e-10,1,6.329000257210282e-8,0,-2.793969944292485e-9,-6.329000257210282e-8,1,0,0.1726963073015213,-0.014373780228197575,2.626189947128296,1]}]]}],"editor":{"collapsed":true},"components":[["Transform",{"object_class":"Transform","uid":"@COMP-e5e597-16f3786-194db96-df9","position":[-0.16459999978542328,2.9312000274658203,0],"rotation":[0.12392128258943558,-0.0003483469190541655,0.07191827148199081,0.9896823763847351],"scaling":[0.9999997019767761,1.0000003576278687,1.0000003576278687],"matrix":[0.9896549582481384,0.14226610958576202,0.018513908609747887,0,-0.1424388736486435,0.9589428901672363,0.2452353984117508,0,0.017134908586740494,-0.24533560872077942,0.9692871570587158,0,-0.16459999978542328,2.9312000274658203,0,1]}]]}],"editor":{"collapsed":true},"components":[["Transform",{"object_class":"Transform","uid":"@COMP-e5e597-16f3785-1aa7b29-df7","position":[-0.001500000013038516,3.6006999015808105,0],"rotation":[0.20015046000480652,0.0061388397589325905,-0.0009045715560205281,0.9797455072402954],"scaling":[1,1.0000001192092896,0.9999997019767761],"matrix":[0.9999229907989502,0.0006848833872936666,-0.012391102500259876,0,0.004229883663356304,0.9198780655860901,0.39218199253082275,0,0.011666896753013134,-0.39220401644706726,0.9198039174079895,0,-0.001500000013038516,3.6006999015808105,0,1]}]]}],"editor":{"collapsed":true},"components":[["Transform",{"object_class":"Transform","uid":"@COMP-e5e597-16f3783-12d53fc-df5","position":[0.8137999773025513,9.202799797058105,-0.2897999882698059],"rotation":[0.07919328659772873,0.0023632419761270285,-0.01623920351266861,0.9967241883277893],"scaling":[0.9999995827674866,0.9999995827674866,1.000000238418579],"matrix":[0.9994609951972961,-0.031997691839933395,-0.00728306919336319,0,0.03274630382657051,0.9869289994239807,0.1577909141778946,0,0.0021389294415712357,-0.15794453024864197,0.9874458909034729,0,0.8137999773025513,9.202799797058105,-0.2897999882698059,1]}]]},{"object_class":"SceneNode","name":"mixamorig_RightHandIndex1","uid":"@NODE-e5e597-16f378c-1512cac-dfc","layers":3,"node_type":"JOINT","flags":{"visible":true,"is_static":false,"selectable":true,"locked":false},"children":[{"object_class":"SceneNode","name":"mixamorig_RightHandIndex2","uid":"@NODE-e5e597-16f378f-1d371ec-dfe","layers":3,"node_type":"JOINT","flags":{"visible":true,"is_static":false,"selectable":true,"locked":false},"children":[{"object_class":"SceneNode","name":"mixamorig_RightHandIndex3","uid":"@NODE-e5e597-16f3790-1d5625a-e00","layers":3,"node_type":"JOINT","flags":{"visible":true,"is_static":false,"selectable":true,"locked":false},"children":[{"object_class":"SceneNode","name":"mixamorig_RightHandIndex4","uid":"@NODE-e5e597-16f3792-198d743-e02","layers":3,"node_type":"JOINT","flags":{"visible":true,"is_static":false,"selectable":true,"locked":false},"editor":{"collapsed":true},"components":[["Transform",{"object_class":"Transform","uid":"@COMP-e5e597-16f3792-1bbf85f-e03","position":[-0.18613390624523163,-0.1295471042394638,2.3178329467773438],"rotation":[0,1.8626450382086546e-9,-9.841000236932018e-10,1],"scaling":[1,1,1],"matrix":[1,-1.9682000473864036e-9,-3.725290076417309e-9,0,1.9682000473864036e-9,1,-3.666057857390118e-18,0,3.725290076417309e-9,-3.666057857390118e-18,1,0,-0.18613390624523163,-0.1295471042394638,2.3178329467773438,1]}]]}],"editor":{"collapsed":true},"components":[["Transform",{"object_class":"Transform","uid":"@COMP-e5e597-16f3790-18fef42-e01","position":[0.15209999680519104,2.531399965286255,0],"rotation":[0.05692112073302269,0.0018072986276820302,-0.07613467425107956,0.995469868183136],"scaling":[0.9999995231628418,0.9999998807907104,0.9999995827674866],"matrix":[0.9884000420570374,-0.1513737291097641,-0.012265559285879135,0,0.15178528428077698,0.9819268584251404,0.11305131018161774,0,-0.005069117061793804,-0.1136016696691513,0.9935130476951599,0,0.15209999680519104,2.531399965286255,0,1]}]]}],"editor":{"collapsed":true},"components":[["Transform",{"object_class":"Transform","uid":"@COMP-e5e597-16f378f-1d2a312-dff","position":[0.0406000018119812,3.881200075149536,0],"rotation":[0.14665941894054413,-0.0034651979804039,0.04598090052604675,0.9881117343902588],"scaling":[0.9999995231628418,0.9999999403953552,1],"matrix":[0.9957470297813416,0.08985207974910736,0.020335061475634575,0,-0.09188493341207504,0.952753484249115,0.28951308131217957,0,0.006639058701694012,-0.2901504635810852,0.956957995891571,0,0.0406000018119812,3.881200075149536,0,1]}]]}],"editor":{"collapsed":true},"components":[["Transform",{"object_class":"Transform","uid":"@COMP-e5e597-16f378c-1a3fc85-dfd","position":[3.109800100326538,8.97599983215332,0.30730000138282776],"rotation":[0.02230261079967022,-0.0004639906110242009,-0.06959787011146545,0.9973256587982178],"scaling":[1.0000001192092896,1.0000001192092896,1.000000238418579],"matrix":[0.9903119802474976,-0.13884419202804565,-0.002178929280489683,0,0.13880279660224915,0.9893175959587097,0.044550519436597824,0,-0.004029928706586361,-0.04442135617136955,0.9990050196647644,0,3.109800100326538,8.97599983215332,0.30730000138282776,1]}]]},{"object_class":"SceneNode","name":"mixamorig_RightHandThumb1","uid":"@NODE-e5e597-16f3794-18bad4a-e04","layers":3,"node_type":"JOINT","flags":{"visible":true,"is_static":false,"selectable":true,"locked":false},"children":[{"object_class":"SceneN